41,63395
41,6097
41,6097
41,6097
41,6097
45,8006
52,97038
57,18172
57,18172
57,18172
57,18172
67,6586
82,26673
82,26673
82,26673
82,33504
83,42908
84,10368
84,10368
84,36948
84,36948
86,09084
86,09084
86,41558
86,41558
86,41558
86,51844
86,51844
86,51844
87,25663
87,25663
87,25663
87,25663
87,25663
87,25663
87,25663
87,25663
87,25663
87,25663
87,31568
87,45316
87,45316
87,45316
87,45316
87,4835
87,4835
87,4835
87,4835
87,51732
87,51732
87,56191
87,56191
87,56191
87,56191
87,66811
87,66811
87,66811
87,66811
87,66811
87,66811
87,66811
87,66811
87,66811
87,66811
87,66811
87,66811
87,66811
87,66811
87,77622
87,77622
87,77622
87,77622
87,77622
87,77622
87,77622
87,77622
87,79266
88,74751
88,74751
88,74751
88,74751
88,74751
88,74751
88,74751
88,74751
88,74751
88,74751
88,74751
88,74751
88,74751
88,74751
88,74751
88,74751
88,74751
88,74751
88,74751
88,74751
88,74751
88,74751
