11.5204
17.84282
20.69549
22.6377
29.75802
34.99176
37.65518
43.96663
44.11588
45.91471
48.61275
52.5112
57.4324
59.1786
59.35349
65.22918
68.2589
73.7643
76.86424
83.23527
83.27177
84.20874
84.41087
84.89533
85.43414
85.95084
86.16071
86.19147
86.19147
86.32747
86.33307
86.33307
86.43867
86.43867
86.58806
86.60186
86.62846
86.66768
86.72112
86.8615
86.94738
86.99306
87.09147
87.09635
87.17804
87.30107
87.30107
87.33676
87.38216
87.38216
87.41637
87.45061
87.45642
87.45642
87.48737
87.48737
87.48737
87.48737
87.50091
87.50091
87.50627
87.50627
87.52947
87.54153
87.54153
87.54153
87.54153
87.5515
87.58384
87.58384
87.58384
87.58475
87.59221
87.60314
87.61409
87.61799
87.64564
87.7642
87.77345
87.77665
87.79104
87.79594
87.79594
87.79594
87.79594
87.79594
87.79719
87.79719
87.79719
87.79719
87.79719
87.82099
87.82099
87.82358
87.82358
87.82983
87.92136
87.92249
87.92767
