47,38266
49,72666
49,72666
49,72666
101,8998
101,8998
101,8998
170,8231
170,5172
170,7794
177,52
188,1483
188,2918
188,2918
188,3874
188,6742
188,1005
188,1961
188,244
188,4352
188,3874
188,244
188,483
188,2918
188,1961
188,722
188,3396
188,0527
188,1005
190,5378
190,2965
190,6825
190,2965
190,393
190,3447
190,3447
190,4413
190,393
190,3447
190,2965
190,4413
190,393
190,7791
194,0192
194,2162
193,97
197,6744
197,5739
198,2775
197,6242
197,4734
197,5739
197,7749
198,4283
197,4231
197,8755
197,9257
197,6242
198,177
197,7749
197,7247
197,7749
197,6242
197,8755
197,8252
197,7247
197,5237
198,177
197,7247
197,7247
197,5237
197,3729
197,8252
197,5237
197,7749
197,6744
197,6242
197,4734
197,5739
197,8755
197,5237
197,5739
198,0765
197,8755
197,6242
197,6744
197,4734
197,5237
197,9257
198,2775
198,0528
198,406
198,3555
198,4564
198,2042
198,406
198,2546
198,4564
198,3555
