10.79314
18.74061
23.72517
29.60584
43.35165
51.6495
51.6495
65.81696
70.36534
80.91219
100.4189
112.2477
113.0878
114.0495
114.538
115.0445
116.7714
116.7988
116.8125
116.8672
116.8535
116.8125
126.1514
136.2481
145.6928
145.9946
145.7751
145.6286
145.656
156.2668
165.405
165.6994
165.405
173.5034
180.0206
180.1079
181.297
182.0194
182.5454
183.4876
183.6277
184.0539
184.4282
185.9599
186.1995
185.9631
187.679
187.5836
188.2519
188.6973
188.6196
188.7157
190.0075
190.6364
189.6688
190.1042
190.5645
190.2736
190.8069
190.419
190.3706
190.419
190.2736
190.516
191.5066
191.409
191.2138
192.0753
192.9399
192.9399
192.7431
192.5956
193.0383
192.7431
192.9891
193.5075
193.4581
193.31
193.4087
193.7049
193.926
193.9755
194.4705
194.7986
194.55
194.5997
194.4007
194.4505
194.8484
195.1966
194.9518
195.3008
195.251
195.3507
195.1014
195.3008
195.1512
195.7004
195.6005
