0.8336213
4.007606
14.35406
17.23347
23.23517
30.29626
31.06793
34.33458
39.93782
46.75747
56.98973
58.68427
60.06891
60.62125
62.77551
66.21346
70.89091
77.60835
82.92388
84.37628
85.61965
85.84755
86.00426
86.01788
86.01788
86.28522
86.37653
86.50799
86.63789
86.73428
86.807
86.83665
86.87178
86.89448
86.89448
86.89977
87.12624
87.34469
87.34469
87.36187
87.59822
87.62444
87.64582
87.83217
89.57635
89.76734
90.04912
90.26253
90.41818
90.49202
90.49972
90.49972
90.50076
91.90224
91.90224
92.02995
92.02995
92.03498
92.04025
93.6787
93.6787
95.31078
95.31078
95.31078
95.31078
95.33592
95.33592
95.33592
95.33592
95.33592
96.87058
96.87058
96.87058
96.87058
96.87058
96.87058
96.87058
96.87058
96.87058
96.87058
96.87058
96.87058
96.97741
96.97741
96.97741
96.97741
96.97741
96.97741
96.97741
96.97741
96.97741
96.9852
96.9852
96.9852
96.9852
98.3298
100
100
100
