2,45116
25,12504
46,17454
46,17454
46,17454
46,55165
46,55165
46,55165
49,28754
54,66222
83,55184
83,55184
83,55184
83,55184
83,55184
85,51473
85,51473
85,51473
85,69955
85,99999
86,85805
86,85805
86,85805
86,85805
86,85805
86,85805
86,85805
86,85805
86,85805
87,0061
87,0061
87,0061
87,05328
87,05328
87,05328
87,05328
89,05874
89,05874
89,05874
89,05874
89,22157
89,22157
89,22157
89,22157
104,448
104,448
104,448
104,448
104,448
104,448
104,448
104,448
104,448
104,448
104,448
104,448
104,448
104,448
104,448
105,2457
105,2457
105,2457
105,2457
105,2457
105,2457
105,2457
105,2457
105,2457
105,2457
105,2457
105,2457
105,2457
105,2457
105,2457
105,2457
105,2457
105,2457
105,2457
105,2457
105,2457
105,2457
105,2457
105,2457
105,2457
105,2457
105,2457
105,2457
105,2457
105,2457
105,2457
105,2457
105,2457
105,2457
105,2457
105,2457
105,2457
105,2457
105,2457
105,2457
